TP: 86
TN: 105
FP: 4
FN: 20

Precision: 0.9555555555555556
Recall: 0.8113207547169812
F1 score: 0.8775510204081634